{{{5.200000,4.791142,4.609398,4.530728,4.510089,4.525282},{4.791142,4.485598,4.374287,4.328114,4.323604,4.346568},{4.609398,4.374287,4.212891,4.190159,4.197839,4.227134},{4.530728,4.328114,4.190159,4.099544,4.116621,4.151067},{4.510089,4.323604,4.197839,4.116621,4.069893,4.108395},{4.525282,4.346568,4.227134,4.151067,4.108395,4.092294}},
{{5.200000,4.791142,4.609398,4.530728,4.510089,4.525282},{4.791142,4.485598,4.374287,4.328114,4.323604,4.346568},{4.609394,4.374287,4.212891,4.190159,4.197839,4.227134},{4.530688,4.328114,4.190159,4.099544,4.116621,4.151067},{4.510029,4.323604,4.197839,4.116621,4.069893,4.108395},{4.525257,4.346568,4.227134,4.151067,4.108395,4.092294}}}